>>main
coefficients =

   7.9686e+03
  -8.3537e+04
   3.8411e+05
  -8.5664e+05
   9.7606e+05
  -5.3989e+05
   1.0012e+05
   1.4767e+04
  -2.9540e+03

approximationDegree =  3
>>









